OSC address  X        Y        Z        Yaw      Pitch    Roll     hmd1         -0.0920  1.2144   -0.4823  169.2914 -124.8006 -173.3040 
hmd1         -0.0924  1.2144   -0.4824  169.3001 -124.8005 -173.3042 
hmd1         -0.0923  1.2144   -0.4824  169.2983 -124.7989 -173.3048 
hmd1         -0.0923  1.2144   -0.4823  169.2980 -124.7975 -173.3079 
hmd1         -0.0925  1.2144   -0.4824  169.3012 -124.7990 -173.3060 
hmd1         -0.0924  1.2144   -0.4824  169.2992 -124.7979 -173.3065 
hmd1         -0.0927  1.2144   -0.4827  169.3139 -124.7985 -173.2942 
hmd1         -0.0927  1.2144   -0.4827  169.3135 -124.7996 -173.2958 
hmd1         -0.0929  1.2144   -0.4828  169.3207 -124.7984 -173.2920 
hmd1         -0.0929  1.2144   -0.4828  169.3204 -124.7984 -173.2934 
hmd1         -0.0928  1.2144   -0.4826  169.3142 -124.7993 -173.3005 
hmd1         -0.0928  1.2144   -0.4826  169.3153 -124.7990 -173.2992 
hmd1         -0.0928  1.2144   -0.4827  169.3163 -124.7986 -173.2958 
hmd1         -0.0928  1.2144   -0.4827  169.3155 -124.7979 -173.2959 
hmd1         -0.0929  1.2144   -0.4827  169.3177 -124.7985 -173.2950 
hmd1         -0.0929  1.2145   -0.4827  169.3168 -124.7994 -173.2975 
hmd1         -0.0927  1.2145   -0.4827  169.3168 -124.8011 -173.2886 
hmd1         -0.0927  1.2145   -0.4827  169.3196 -124.8016 -173.2870 
hmd1         -0.0928  1.2145   -0.4826  169.3204 -124.8019 -173.2900 
hmd1         -0.0928  1.2145   -0.4827  169.3202 -124.8011 -173.2899 
hmd1         -0.0927  1.2146   -0.4827  169.3175 -124.8025 -173.2892 
hmd1         -0.0926  1.2146   -0.4826  169.3077 -124.8011 -173.2973 
hmd1         -0.0924  1.2146   -0.4825  169.3065 -124.8011 -173.2949 
hmd1         -0.0924  1.2146   -0.4825  169.3071 -124.8010 -173.2946 
hmd1         -0.0924  1.2146   -0.4825  169.3084 -124.8002 -173.2929 
hmd1         -0.0923  1.2147   -0.4825  169.3059 -124.7961 -173.2937 
hmd1         -0.0923  1.2147   -0.4824  169.3088 -124.7964 -173.2924 
hmd1         -0.0919  1.2147   -0.4822  169.2928 -124.7961 -173.3012 
hmd1         -0.0918  1.2147   -0.4821  169.2915 -124.7968 -173.3010 
hmd1         -0.0920  1.2148   -0.4822  169.2975 -124.7945 -173.3015 
hmd1         -0.0920  1.2148   -0.4821  169.2995 -124.7952 -173.2986 
hmd1         -0.0923  1.2147   -0.4823  169.3027 -124.7941 -173.3019 
hmd1         -0.0922  1.2147   -0.4822  169.3009 -124.7938 -173.3038 
hmd1         -0.0923  1.2148   -0.4822  169.3042 -124.7945 -173.3017 
hmd1         -0.0923  1.2148   -0.4822  169.3023 -124.7949 -173.3034 
hmd1         -0.0922  1.2148   -0.4822  169.2968 -124.7951 -173.3049 
hmd1         -0.0921  1.2148   -0.4821  169.2964 -124.7949 -173.3052 
hmd1         -0.0921  1.2148   -0.4820  169.2948 -124.7954 -173.3084 
hmd1         -0.0919  1.2148   -0.4819  169.2905 -124.7957 -173.3107 
hmd1         -0.0917  1.2148   -0.4818  169.2896 -124.7964 -173.3081 
hmd1         -0.0917  1.2148   -0.4818  169.2870 -124.7956 -173.3100 
hmd1         -0.0917  1.2148   -0.4817  169.2846 -124.7945 -173.3157 
hmd1         -0.0919  1.2148   -0.4819  169.2940 -124.7952 -173.3069 
hmd1         -0.0919  1.2148   -0.4819  169.2910 -124.7957 -173.3095 
hmd1         -0.0920  1.2147   -0.4820  169.2963 -124.7974 -173.3040 
hmd1         -0.0920  1.2148   -0.4819  169.2960 -124.7972 -173.3048 
hmd1         -0.0917  1.2148   -0.4818  169.2872 -124.7981 -173.3075 
hmd1         -0.0917  1.2148   -0.4817  169.2860 -124.7974 -173.3078 
hmd1         -0.0919  1.2147   -0.4820  169.2971 -124.7969 -173.3007 
hmd1         -0.0919  1.2147   -0.4819  169.2976 -124.7973 -173.2997 
hmd1         -0.0922  1.2147   -0.4821  169.3044 -124.7956 -173.2969 
hmd1         -0.0922  1.2147   -0.4821  169.3044 -124.7966 -173.2975 
hmd1         -0.0924  1.2147   -0.4823  169.3145 -124.7966 -173.2884 
hmd1         -0.0924  1.2147   -0.4823  169.3150 -124.7970 -173.2870 
hmd1         -0.0922  1.2148   -0.4821  169.3084 -124.7973 -173.2918 
hmd1         -0.0922  1.2148   -0.4821  169.3055 -124.7965 -173.2946 
hmd1         -0.0920  1.2148   -0.4820  169.2978 -124.7962 -173.2986 
hmd1         -0.0920  1.2148   -0.4819  169.2958 -124.7959 -173.2997 
hmd1         -0.0922  1.2148   -0.4822  169.3057 -124.7963 -173.2905 
hmd1         -0.0922  1.2148   -0.4821  169.3047 -124.7953 -173.2916 
hmd1         -0.0921  1.2148   -0.4821  169.3047 -124.7977 -173.2918 
hmd1         -0.0923  1.2148   -0.4822  169.3092 -124.7970 -173.2887 
hmd1         -0.0923  1.2148   -0.4822  169.3108 -124.7955 -173.2859 
hmd1         -0.0922  1.2148   -0.4822  169.3080 -124.7957 -173.2860 
hmd1         -0.0922  1.2148   -0.4822  169.3087 -124.7960 -173.2847 
hmd1         -0.0920  1.2148   -0.4820  169.3028 -124.7947 -173.2876 
hmd1         -0.0919  1.2148   -0.4820  169.3015 -124.7965 -173.2893 
hmd1         -0.0920  1.2148   -0.4820  169.2985 -124.7957 -173.2944 
hmd1         -0.0919  1.2148   -0.4819  169.2974 -124.7959 -173.2944 
hmd1         -0.0920  1.2149   -0.4820  169.3007 -124.7948 -173.2932 
hmd1         -0.0919  1.2149   -0.4819  169.2986 -124.7948 -173.2940 
hmd1         -0.0919  1.2149   -0.4819  169.2972 -124.7944 -173.2958 
hmd1         -0.0919  1.2149   -0.4819  169.2948 -124.7944 -173.2968 
hmd1         -0.0920  1.2149   -0.4819  169.2997 -124.7958 -173.2937 
hmd1         -0.0919  1.2149   -0.4819  169.3012 -124.7963 -173.2923 
hmd1         -0.0918  1.2148   -0.4819  169.2973 -124.7995 -173.2889 
hmd1         -0.0917  1.2148   -0.4819  169.2985 -124.7996 -173.2872 
hmd1         -0.0918  1.2149   -0.4819  169.2971 -124.7975 -173.2952 
hmd1         -0.0918  1.2148   -0.4819  169.3000 -124.7971 -173.2919 
hmd1         -0.0917  1.2148   -0.4819  169.2984 -124.7968 -173.2924 
hmd1         -0.0917  1.2148   -0.4819  169.2982 -124.7963 -173.2922 
hmd1         -0.0916  1.2148   -0.4818  169.2978 -124.7955 -173.2928 
hmd1         -0.0919  1.2148   -0.4819  169.3052 -124.7956 -173.2902 
hmd1         -0.0918  1.2148   -0.4819  169.3074 -124.7948 -173.2894 
hmd1         -0.0920  1.2148   -0.4820  169.3121 -124.7948 -173.2881 
hmd1         -0.0919  1.2148   -0.4820  169.3141 -124.7939 -173.2865 
hmd1         -0.0918  1.2148   -0.4817  169.3031 -124.7948 -173.2972 
hmd1         -0.0917  1.2148   -0.4817  169.3009 -124.7949 -173.2991 
hmd1         -0.0919  1.2148   -0.4819  169.3091 -124.7960 -173.2901 
hmd1         -0.0919  1.2148   -0.4819  169.3115 -124.7962 -173.2873 
hmd1         -0.0920  1.2148   -0.4820  169.3207 -124.7969 -173.2796 
hmd1         -0.0920  1.2148   -0.4820  169.3209 -124.7967 -173.2793 
hmd1         -0.0917  1.2149   -0.4817  169.3114 -124.7964 -173.2906 
hmd1         -0.0917  1.2149   -0.4817  169.3127 -124.7967 -173.2878 
hmd1         -0.0918  1.2149   -0.4819  169.3196 -124.7979 -173.2775 
hmd1         -0.0917  1.2149   -0.4819  169.3213 -124.7972 -173.2771 
hmd1         -0.0917  1.2150   -0.4818  169.3211 -124.7964 -173.2817 
hmd1         -0.0915  1.2150   -0.4815  169.3064 -124.7935 -173.2934 
hmd1         -0.0915  1.2150   -0.4814  169.3075 -124.7945 -173.2939 
hmd1         -0.0917  1.2150   -0.4816  169.3131 -124.7931 -173.2894 
hmd1         -0.0916  1.2150   -0.4815  169.3118 -124.7934 -173.2889 
hmd1         -0.0916  1.2150   -0.4815  169.3103 -124.7918 -173.2901 
hmd1         -0.0915  1.2151   -0.4815  169.3090 -124.7914 -173.2906 
hmd1         -0.0914  1.2151   -0.4814  169.3042 -124.7898 -173.2922 
hmd1         -0.0913  1.2151   -0.4813  169.3049 -124.7899 -173.2902 
hmd1         -0.0913  1.2151   -0.4813  169.3023 -124.7912 -173.2900 
hmd1         -0.0912  1.2151   -0.4813  169.3033 -124.7914 -173.2890 
hmd1         -0.0914  1.2151   -0.4814  169.3116 -124.7899 -173.2840 
hmd1         -0.0914  1.2151   -0.4814  169.3102 -124.7903 -173.2855 
hmd1         -0.0916  1.2150   -0.4815  169.3151 -124.7902 -173.2809 
hmd1         -0.0915  1.2151   -0.4815  169.3146 -124.7891 -173.2807 
hmd1         -0.0916  1.2150   -0.4816  169.3152 -124.7904 -173.2778 
hmd1         -0.0916  1.2151   -0.4815  169.3171 -124.7907 -173.2764 
hmd1         -0.0913  1.2151   -0.4815  169.3171 -124.7924 -173.2697 
hmd1         -0.0915  1.2151   -0.4818  169.3255 -124.7934 -173.2640 
hmd1         -0.0916  1.2151   -0.4817  169.3250 -124.7916 -173.2695 
hmd1         -0.0914  1.2151   -0.4815  169.3110 -124.7906 -173.2805 
hmd1         -0.0913  1.2151   -0.4814  169.3118 -124.7914 -173.2807 
hmd1         -0.0915  1.2151   -0.4815  169.3123 -124.7909 -173.2815 
hmd1         -0.0914  1.2151   -0.4815  169.3131 -124.7904 -173.2796 
hmd1         -0.0913  1.2151   -0.4814  169.3072 -124.7912 -173.2843 
hmd1         -0.0912  1.2152   -0.4814  169.3056 -124.7901 -173.2863 
hmd1         -0.0914  1.2151   -0.4814  169.3061 -124.7906 -173.2897 
hmd1         -0.0913  1.2152   -0.4814  169.3080 -124.7906 -173.2895 
hmd1         -0.0915  1.2151   -0.4815  169.3129 -124.7910 -173.2863 
hmd1         -0.0915  1.2151   -0.4815  169.3128 -124.7905 -173.2865 
hmd1         -0.0915  1.2151   -0.4815  169.3116 -124.7895 -173.2883 
hmd1         -0.0915  1.2151   -0.4815  169.3106 -124.7897 -173.2886 
hmd1         -0.0915  1.2151   -0.4816  169.3159 -124.7922 -173.2828 
hmd1         -0.0915  1.2152   -0.4816  169.3154 -124.7939 -173.2819 
hmd1         -0.0912  1.2152   -0.4814  169.3048 -124.7927 -173.2882 
hmd1         -0.0912  1.2152   -0.4814  169.3057 -124.7936 -173.2877 
hmd1         -0.0911  1.2152   -0.4813  169.3053 -124.7929 -173.2896 
hmd1         -0.0912  1.2151   -0.4814  169.3036 -124.7926 -173.2917 
hmd1         -0.0912  1.2151   -0.4814  169.3045 -124.7935 -173.2923 
hmd1         -0.0914  1.2151   -0.4815  169.3090 -124.7926 -173.2912 
hmd1         -0.0914  1.2151   -0.4815  169.3069 -124.7922 -173.2943 
hmd1         -0.0911  1.2151   -0.4812  169.2936 -124.7918 -173.3054 
hmd1         -0.0911  1.2151   -0.4812  169.2941 -124.7921 -173.3045 
hmd1         -0.0911  1.2151   -0.4813  169.3008 -124.7947 -173.2942 
hmd1         -0.0911  1.2151   -0.4813  169.2997 -124.7955 -173.2950 
hmd1         -0.0912  1.2150   -0.4814  169.2991 -124.7919 -173.2966 
hmd1         -0.0911  1.2150   -0.4814  169.2998 -124.7927 -173.2954 
hmd1         -0.0915  1.2150   -0.4816  169.3153 -124.7926 -173.2890 
